[[ 2.0500e-03  1.0750e-03  4.3750e-04  1.0000e-04]
 [ 1.1500e-02  5.7500e-03  2.2500e-03  5.0000e-04]
 [ 3.8125e-04  2.0500e-04  8.5625e-05  2.0000e-05]
 [-2.5000e-04  0.0000e+00  0.0000e+00  0.0000e+00]
 [-1.0000e-03 -2.5000e-04  0.0000e+00  0.0000e+00]
 [-2.2500e-03 -1.0000e-03 -2.5000e-04  0.0000e+00]
 [-8.0000e-03 -4.5000e-03 -2.0000e-03 -5.0000e-04]]
[[ 7.87500e-04  3.25000e-04  7.50000e-05]
 [ 5.75000e-03  2.25000e-03  5.00000e-04]
 [ 1.11875e-04  4.75000e-05  1.12500e-05]
 [-2.50000e-04  0.00000e+00  0.00000e+00]
 [-1.00000e-03 -2.50000e-04  0.00000e+00]
 [-4.50000e-03 -2.00000e-03 -5.00000e-04]]
[[ 2.1250e-04  5.0000e-05]
 [ 2.2500e-03  5.0000e-04]
 [ 2.0625e-05  5.0000e-06]
 [-2.5000e-04  0.0000e+00]
 [-2.0000e-03 -5.0000e-04]]
[[ 2.50e-05]
 [ 5.00e-04]
 [ 1.25e-06]
 [-5.00e-04]]
[[ 2.0500e-03  1.0750e-03  4.3750e-04  1.0000e-04]
 [ 1.1500e-02  5.7500e-03  2.2500e-03  5.0000e-04]
 [ 3.8125e-04  2.0500e-04  8.5625e-05  2.0000e-05]
 [-2.5000e-04  0.0000e+00  0.0000e+00  0.0000e+00]
 [-1.0000e-03 -2.5000e-04  0.0000e+00  0.0000e+00]
 [-2.2500e-03 -1.0000e-03 -2.5000e-04  0.0000e+00]
 [-8.0000e-03 -4.5000e-03 -2.0000e-03 -5.0000e-04]]
[[ 7.87500e-04  3.25000e-04  7.50000e-05]
 [ 5.75000e-03  2.25000e-03  5.00000e-04]
 [ 1.11875e-04  4.75000e-05  1.12500e-05]
 [-2.50000e-04  0.00000e+00  0.00000e+00]
 [-1.00000e-03 -2.50000e-04  0.00000e+00]
 [-4.50000e-03 -2.00000e-03 -5.00000e-04]]
[[ 2.1250e-04  5.0000e-05]
 [ 2.2500e-03  5.0000e-04]
 [ 2.0625e-05  5.0000e-06]
 [-2.5000e-04  0.0000e+00]
 [-2.0000e-03 -5.0000e-04]]
[[ 2.50e-05]
 [ 5.00e-04]
 [ 1.25e-06]
 [-5.00e-04]]
[[ 2.0500e-03  1.0750e-03  4.3750e-04  1.0000e-04]
 [ 1.1500e-02  5.7500e-03  2.2500e-03  5.0000e-04]
 [ 3.8125e-04  2.0500e-04  8.5625e-05  2.0000e-05]
 [-2.5000e-04  0.0000e+00  0.0000e+00  0.0000e+00]
 [-1.0000e-03 -2.5000e-04  0.0000e+00  0.0000e+00]
 [-2.2500e-03 -1.0000e-03 -2.5000e-04  0.0000e+00]
 [-8.0000e-03 -4.5000e-03 -2.0000e-03 -5.0000e-04]]
[[ 7.87500e-04  3.25000e-04  7.50000e-05]
 [ 5.75000e-03  2.25000e-03  5.00000e-04]
 [ 1.11875e-04  4.75000e-05  1.12500e-05]
 [-2.50000e-04  0.00000e+00  0.00000e+00]
 [-1.00000e-03 -2.50000e-04  0.00000e+00]
 [-4.50000e-03 -2.00000e-03 -5.00000e-04]]
[[ 2.1250e-04  5.0000e-05]
 [ 2.2500e-03  5.0000e-04]
 [ 2.0625e-05  5.0000e-06]
 [-2.5000e-04  0.0000e+00]
 [-2.0000e-03 -5.0000e-04]]
[[ 2.50e-05]
 [ 5.00e-04]
 [ 1.25e-06]
 [-5.00e-04]]
[[ 2.0500e-03  1.0750e-03  4.3750e-04  1.0000e-04]
 [ 1.1500e-02  5.7500e-03  2.2500e-03  5.0000e-04]
 [ 3.8125e-04  2.0500e-04  8.5625e-05  2.0000e-05]
 [-2.5000e-04  0.0000e+00  0.0000e+00  0.0000e+00]
 [-1.0000e-03 -2.5000e-04  0.0000e+00  0.0000e+00]
 [-2.2500e-03 -1.0000e-03 -2.5000e-04  0.0000e+00]
 [-8.0000e-03 -4.5000e-03 -2.0000e-03 -5.0000e-04]]
[[ 7.87500e-04  3.25000e-04  7.50000e-05]
 [ 5.75000e-03  2.25000e-03  5.00000e-04]
 [ 1.11875e-04  4.75000e-05  1.12500e-05]
 [-2.50000e-04  0.00000e+00  0.00000e+00]
 [-1.00000e-03 -2.50000e-04  0.00000e+00]
 [-4.50000e-03 -2.00000e-03 -5.00000e-04]]
[[ 2.1250e-04  5.0000e-05]
 [ 2.2500e-03  5.0000e-04]
 [ 2.0625e-05  5.0000e-06]
 [-2.5000e-04  0.0000e+00]
 [-2.0000e-03 -5.0000e-04]]
[[ 2.50e-05]
 [ 5.00e-04]
 [ 1.25e-06]
 [-5.00e-04]]
[[ 2.0500e-03  1.0750e-03  4.3750e-04  1.0000e-04]
 [ 1.1500e-02  5.7500e-03  2.2500e-03  5.0000e-04]
 [ 3.8125e-04  2.0500e-04  8.5625e-05  2.0000e-05]
 [-2.5000e-04  0.0000e+00  0.0000e+00  0.0000e+00]
 [-1.0000e-03 -2.5000e-04  0.0000e+00  0.0000e+00]
 [-2.2500e-03 -1.0000e-03 -2.5000e-04  0.0000e+00]
 [-8.0000e-03 -4.5000e-03 -2.0000e-03 -5.0000e-04]]
[[ 7.87500e-04  3.25000e-04  7.50000e-05]
 [ 5.75000e-03  2.25000e-03  5.00000e-04]
 [ 1.11875e-04  4.75000e-05  1.12500e-05]
 [-2.50000e-04  0.00000e+00  0.00000e+00]
 [-1.00000e-03 -2.50000e-04  0.00000e+00]
 [-4.50000e-03 -2.00000e-03 -5.00000e-04]]
[[ 2.1250e-04  5.0000e-05]
 [ 2.2500e-03  5.0000e-04]
 [ 2.0625e-05  5.0000e-06]
 [-2.5000e-04  0.0000e+00]
 [-2.0000e-03 -5.0000e-04]]
[[ 2.50e-05]
 [ 5.00e-04]
 [ 1.25e-06]
 [-5.00e-04]]
[[ 2.0500e-03  1.0750e-03  4.3750e-04  1.0000e-04]
 [ 1.1500e-02  5.7500e-03  2.2500e-03  5.0000e-04]
 [ 3.8125e-04  2.0500e-04  8.5625e-05  2.0000e-05]
 [-2.5000e-04  0.0000e+00  0.0000e+00  0.0000e+00]
 [-1.0000e-03 -2.5000e-04  0.0000e+00  0.0000e+00]
 [-2.2500e-03 -1.0000e-03 -2.5000e-04  0.0000e+00]
 [-8.0000e-03 -4.5000e-03 -2.0000e-03 -5.0000e-04]]
[[ 7.87500e-04  3.25000e-04  7.50000e-05]
 [ 5.75000e-03  2.25000e-03  5.00000e-04]
 [ 1.11875e-04  4.75000e-05  1.12500e-05]
 [-2.50000e-04  0.00000e+00  0.00000e+00]
 [-1.00000e-03 -2.50000e-04  0.00000e+00]
 [-4.50000e-03 -2.00000e-03 -5.00000e-04]]
[[ 2.1250e-04  5.0000e-05]
 [ 2.2500e-03  5.0000e-04]
 [ 2.0625e-05  5.0000e-06]
 [-2.5000e-04  0.0000e+00]
 [-2.0000e-03 -5.0000e-04]]
[[ 2.50e-05]
 [ 5.00e-04]
 [ 1.25e-06]
 [-5.00e-04]]
[[ 2.0500e-03  1.0750e-03  4.3750e-04  1.0000e-04]
 [ 1.1500e-02  5.7500e-03  2.2500e-03  5.0000e-04]
 [ 3.8125e-04  2.0500e-04  8.5625e-05  2.0000e-05]
 [-2.5000e-04  0.0000e+00  0.0000e+00  0.0000e+00]
 [-1.0000e-03 -2.5000e-04  0.0000e+00  0.0000e+00]
 [-2.2500e-03 -1.0000e-03 -2.5000e-04  0.0000e+00]
 [-8.0000e-03 -4.5000e-03 -2.0000e-03 -5.0000e-04]]
[[ 7.87500e-04  3.25000e-04  7.50000e-05]
 [ 5.75000e-03  2.25000e-03  5.00000e-04]
 [ 1.11875e-04  4.75000e-05  1.12500e-05]
 [-2.50000e-04  0.00000e+00  0.00000e+00]
 [-1.00000e-03 -2.50000e-04  0.00000e+00]
 [-4.50000e-03 -2.00000e-03 -5.00000e-04]]
[[ 2.1250e-04  5.0000e-05]
 [ 2.2500e-03  5.0000e-04]
 [ 2.0625e-05  5.0000e-06]
 [-2.5000e-04  0.0000e+00]
 [-2.0000e-03 -5.0000e-04]]
[[ 2.50e-05]
 [ 5.00e-04]
 [ 1.25e-06]
 [-5.00e-04]]
[[ 2.0500e-03  1.0750e-03  4.3750e-04  1.0000e-04]
 [ 1.1500e-02  5.7500e-03  2.2500e-03  5.0000e-04]
 [ 3.8125e-04  2.0500e-04  8.5625e-05  2.0000e-05]
 [-2.5000e-04  0.0000e+00  0.0000e+00  0.0000e+00]
 [-1.0000e-03 -2.5000e-04  0.0000e+00  0.0000e+00]
 [-2.2500e-03 -1.0000e-03 -2.5000e-04  0.0000e+00]
 [-8.0000e-03 -4.5000e-03 -2.0000e-03 -5.0000e-04]]
[[ 7.87500e-04  3.25000e-04  7.50000e-05]
 [ 5.75000e-03  2.25000e-03  5.00000e-04]
 [ 1.11875e-04  4.75000e-05  1.12500e-05]
 [-2.50000e-04  0.00000e+00  0.00000e+00]
 [-1.00000e-03 -2.50000e-04  0.00000e+00]
 [-4.50000e-03 -2.00000e-03 -5.00000e-04]]
[[ 2.1250e-04  5.0000e-05]
 [ 2.2500e-03  5.0000e-04]
 [ 2.0625e-05  5.0000e-06]
 [-2.5000e-04  0.0000e+00]
 [-2.0000e-03 -5.0000e-04]]
[[ 2.50e-05]
 [ 5.00e-04]
 [ 1.25e-06]
 [-5.00e-04]]
[[ 2.0500e-03  1.0750e-03  4.3750e-04  1.0000e-04]
 [ 1.1500e-02  5.7500e-03  2.2500e-03  5.0000e-04]
 [ 3.8125e-04  2.0500e-04  8.5625e-05  2.0000e-05]
 [-2.5000e-04  0.0000e+00  0.0000e+00  0.0000e+00]
 [-1.0000e-03 -2.5000e-04  0.0000e+00  0.0000e+00]
 [-2.2500e-03 -1.0000e-03 -2.5000e-04  0.0000e+00]
 [-8.0000e-03 -4.5000e-03 -2.0000e-03 -5.0000e-04]]
[[ 7.87500e-04  3.25000e-04  7.50000e-05]
 [ 5.75000e-03  2.25000e-03  5.00000e-04]
 [ 1.11875e-04  4.75000e-05  1.12500e-05]
 [-2.50000e-04  0.00000e+00  0.00000e+00]
 [-1.00000e-03 -2.50000e-04  0.00000e+00]
 [-4.50000e-03 -2.00000e-03 -5.00000e-04]]
[[ 2.1250e-04  5.0000e-05]
 [ 2.2500e-03  5.0000e-04]
 [ 2.0625e-05  5.0000e-06]
 [-2.5000e-04  0.0000e+00]
 [-2.0000e-03 -5.0000e-04]]
[[ 2.50e-05]
 [ 5.00e-04]
 [ 1.25e-06]
 [-5.00e-04]]
[[ 2.0500e-03  1.0750e-03  4.3750e-04  1.0000e-04]
 [ 1.1500e-02  5.7500e-03  2.2500e-03  5.0000e-04]
 [ 3.8125e-04  2.0500e-04  8.5625e-05  2.0000e-05]
 [-2.5000e-04  0.0000e+00  0.0000e+00  0.0000e+00]
 [-1.0000e-03 -2.5000e-04  0.0000e+00  0.0000e+00]
 [-2.2500e-03 -1.0000e-03 -2.5000e-04  0.0000e+00]
 [-8.0000e-03 -4.5000e-03 -2.0000e-03 -5.0000e-04]]
[[ 7.87500e-04  3.25000e-04  7.50000e-05]
 [ 5.75000e-03  2.25000e-03  5.00000e-04]
 [ 1.11875e-04  4.75000e-05  1.12500e-05]
 [-2.50000e-04  0.00000e+00  0.00000e+00]
 [-1.00000e-03 -2.50000e-04  0.00000e+00]
 [-4.50000e-03 -2.00000e-03 -5.00000e-04]]
[[ 2.1250e-04  5.0000e-05]
 [ 2.2500e-03  5.0000e-04]
 [ 2.0625e-05  5.0000e-06]
 [-2.5000e-04  0.0000e+00]
 [-2.0000e-03 -5.0000e-04]]
[[ 2.50e-05]
 [ 5.00e-04]
 [ 1.25e-06]
 [-5.00e-04]]